635719482
189254673
247836519
451328796
728695134
396147258
964581327
812473965
573962841

635719482
189254673
247836519
451328796
728695134
396147258
964581327
812473965
573962841

635719482
189254673
247836519
451328796
728695134
396147258
964581327
812473965
573962841

635719482
189254673
247836519
451328796
728695134
396147258
964581327
812473965
573962841

635719482
189254673
247836519
451328796
728695134
396147258
964581327
812473965
573962841

635719482
189254673
247836519
451328796
728695134
396147258
964581327
812473965
573962841

635719482
189254673
247836519
451328796
728695134
396147258
964581327
812473965
573962841

635719482
189254673
247836519
451328796
728695134
396147258
964581327
812473965
573962841

635719482
189254673
247836519
451328796
728695134
396147258
964581327
812473965
573962841

812753649
943682175
675491283
154237896
369845721
287169534
521974368
438526917
796318452

812753649
943682175
675491283
154237896
369845721
287169534
521974368
438526917
796318452

812753649
943682175
675491283
154237896
369845721
287169534
521974368
438526917
796318452

812753649
943682175
675491283
154237896
369845721
287169534
521974368
438526917
796318452

123456789
456789123
789123456
214365897
365897214
897214365
531642978
642978531
978531642

812753649
943682175
675491283
154237896
369845721
287169534
521974368
438526917
796318452

582631749
739485612
461729538
158293467
247168395
693574281
976312854
315847926
824956173

582631749
739485612
461729538
158293467
274168395
693574281
927316854
315847926
846952173

582631749
739845612
461729538
158293467
247168395
693574281
976312854
315487926
824956173

582631749
739845612
461729538
158293467
274168395
693574281
927316854
315487926
846952173

582631749
793485612
461729538
158293467
247168395
639574281
976312854
315847926
824956173

582631749
793485612
461729538
158293467
274168395
639574281
927316854
315847926
846952173

582631749
793845612
461729538
158293467
247168395
639574281
976312854
315487926
824956173

582631749
793845612
461729538
158293467
274168395
639574281
927316854
315487926
846952173

